2.0 2.4 00
2.8 4.8 03
4.8 5.3 00
15.0 15.0 00
17.0 17.5 00
55.9 57.3 03
59.7 61.5 03
63.6 64.0 00
74.3 85.2 05
84.2 86.8 00
86.5 86.5 05
86.5 135.6 04
87.4 88.0 00
95.4 96.4 00
96.4 96.6 00
100.1 101.0 00
104.6 104.7 05
104.7 104.7 00
104.7 105.4 05
105.4 105.6 00
111.7 111.7 00
111.7 112.5 07
112.5 113.0 00
135.6 138.3 00
136.6 148.0 04
148.0 151.3 00
157.7 158.3 00
159.3 161.1 00
168.6 169.2 00
171.1 171.2 00
171.3 171.4 00
177.3 177.6 00
180.6 181.6 03
186.0 186.1 00
186.1 186.5 02
186.5 186.6 00
186.8 186.8 00
187.0 187.1 00
187.1 188.2 02
187.1 187.1 00
188.2 188.2 00
188.2 188.3 02
188.4 204.5 02
194.1 194.4 00
199.0 199.1 03
199.1 199.4 03
199.4 199.4 00
201.2 201.4 03
201.7 202.2 03
203.3 207.6 03
207.7 209.1 02
208.6 211.5 03
210.4 214.9 02
230.9 236.1 05
236.0 236.0 00
236.1 236.4 00
237.0 238.4 05
238.4 238.4 00
239.5 242.0 00
239.7 239.9 05
239.9 248.5 05
242.0 242.7 00
246.3 246.7 00
249.2 250.7 05
253.7 253.9 00
253.9 255.9 05
253.9 253.9 00
255.1 255.2 00
272.5 274.2 05
274.2 274.6 00
274.6 274.7 05
274.7 274.7 00
274.7 274.8 05
274.8 275.0 00
275.0 276.9 05
276.9 276.9 00
283.3 283.4 01
283.4 283.5 06
283.5 283.8 01
283.8 283.9 06
283.9 284.7 01
284.9 286.1 03
286.2 303.1 03
303.1 303.5 00
303.3 310.1 03
310.4 311.0 01
311.0 311.0 03
311.0 312.0 01
312.0 322.0 03
317.4 317.4 01
317.4 318.2 06
318.2 318.2 01
319.4 319.4 01
319.4 327.2 06
325.6 325.8 03
327.5 327.7 01
328.3 338.8 01
338.4 338.6 03
338.8 341.6 03
341.6 346.6 01
346.7 353.9 03
352.9 364.9 01
356.5 356.5 03
364.8 364.8 03
364.9 370.2 03
372.9 373.0 01
373.0 378.5 03
385.8 386.6 00
386.6 387.0 03
388.2 392.9 03
389.3 390.0 00
392.9 393.9 00
393.9 402.4 03
401.7 404.5 05
404.6 411.7 03
411.7 412.1 05
412.5 415.4 05
415.5 415.5 00
415.5 415.5 05
415.5 415.7 03
415.7 415.8 00
415.8 417.4 05
417.9 421.8 05
422.0 425.8 03
425.3 427.1 05
427.1 427.4 06
427.4 427.6 05
427.6 427.6 06
427.6 428.3 05
428.3 428.3 06
428.3 429.0 05
429.0 429.0 06
429.0 430.0 05
430.0 430.0 06
430.0 431.0 05
431.0 431.0 06
431.0 431.3 05
431.3 431.4 06
431.4 433.0 03
432.4 432.8 05
433.4 435.5 05
435.5 437.2 03
436.9 437.0 05
437.2 438.0 05
438.0 439.0 03
439.0 439.0 00
439.1 439.2 00
439.2 439.3 05
439.3 439.5 00
439.5 439.5 05
439.5 439.5 00
439.5 439.5 05
439.5 440.6 00
440.6 440.6 05
440.6 440.6 00
440.6 442.7 05
442.7 442.9 00
444.7 445.3 05
446.3 447.6 03
448.2 449.3 05
449.7 452.6 03
452.7 458.9 05
459.3 460.9 03
462.3 464.0 03
464.0 465.7 06
465.7 465.7 00
465.8 465.9 00
466.0 466.0 00
466.8 473.4 06
473.6 479.9 06
480.4 483.6 05
483.6 490.7 03
491.5 494.5 05
495.2 501.4 03
502.2 502.3 05
502.3 505.4 03
505.4 511.3 05
511.8 512.3 03
512.4 516.0 03
516.5 517.9 05
518.9 524.2 05
524.9 529.5 03
530.0 530.0 00
530.0 533.9 03
534.3 538.2 03
535.7 536.0 06
537.3 551.4 06
539.8 539.9 03
542.3 542.6 00
543.4 545.0 00
545.0 547.0 05
547.0 547.0 00
547.0 552.4 04
552.4 553.0 06
553.1 560.0 06
560.0 568.8 05
568.9 584.2 05
570.0 571.7 00
571.7 578.2 06
584.5 585.3 03
585.9 586.9 03
586.9 590.2 06
590.4 590.4 05
590.4 590.9 03
590.9 592.9 05
592.9 593.1 06
593.1 593.1 05
593.4 595.6 03
595.9 604.3 03
604.3 609.7 05
609.5 610.0 03
609.7 610.7 06
610.7 612.2 03
612.0 614.8 06
614.4 614.7 03
614.8 617.4 03
617.4 617.6 06
617.6 617.7 03
617.6 617.7 06
617.7 618.1 03
618.1 621.3 06
618.2 618.5 03
620.0 620.0 03
620.6 621.3 03
621.3 621.6 03
621.6 622.0 06
622.0 628.3 05
622.0 623.2 06
629.2 633.1 03
633.5 640.0 05
640.4 645.3 05
645.4 652.9 03
652.9 652.9 06
652.9 653.0 03
653.0 655.7 06
654.9 660.5 05
661.2 668.3 05
668.0 669.4 00
668.4 671.5 05
669.4 669.4 06
670.1 670.1 06
670.1 671.0 00
671.0 671.1 06
671.5 671.5 00
671.5 671.5 05
671.9 672.0 00
672.0 673.2 06
672.4 672.4 00
672.4 672.5 05
672.5 672.6 00
672.6 673.0 05
673.0 673.0 00
673.9 676.9 06
679.5 681.1 05
682.6 683.8 03
684.0 685.4 03
688.6 691.3 05
692.0 692.0 05
692.0 692.1 01
692.1 692.2 05
692.2 692.3 01
692.3 692.6 05
692.6 692.7 01
694.9 697.8 01
697.4 703.3 03
698.7 700.1 01
704.9 708.2 03
708.0 710.6 06
710.2 714.7 03
713.9 716.8 01
716.0 719.0 03
717.7 717.7 06
717.7 719.2 01
719.0 720.9 06
719.2 719.3 03
720.9 721.2 03
726.1 733.6 01
733.6 734.0 00
734.0 744.0 01
744.0 748.0 03
748.0 748.0 01
748.2 753.3 01
753.8 754.9 01
754.9 755.2 03
755.2 755.2 01
755.2 755.2 03
755.2 755.3 01
755.4 758.8 01
756.8 757.2 03
757.8 758.2 03
759.3 763.5 03
763.1 763.4 01
763.5 774.6 01
764.6 764.7 03
767.3 767.6 03
774.7 774.7 01
774.7 781.0 03
779.0 779.4 01
780.0 780.0 00
781.0 789.0 01
782.3 782.4 00
788.6 789.5 00
789.1 790.0 01
790.0 790.7 00
790.7 795.9 01
790.7 790.8 00
790.8 791.0 00
791.2 791.2 00
796.3 798.5 00
807.6 809.2 03
812.8 812.8 00
812.8 814.8 03
812.9 813.2 00
817.4 819.3 03
819.5 819.9 00
825.8 826.8 00
829.6 829.9 00
831.4 832.5 00
836.9 837.5 00
837.7 838.2 03
838.8 840.9 00
839.8 842.0 03
843.1 844.4 00
847.2 849.9 05
850.3 853.1 05
853.5 854.0 05
854.0 854.0 06
854.0 854.1 05
854.1 854.1 06
854.1 854.2 05
854.2 857.9 06
861.6 862.6 03
862.8 864.1 03
864.5 869.8 03
870.3 874.3 03
874.3 879.4 03
877.6 881.2 05
880.1 882.9 03
882.0 882.6 05
884.6 886.0 05
886.0 886.0 00
886.0 886.1 05
886.1 886.2 00
886.2 897.1 05
886.2 886.7 00
897.1 897.9 03
897.3 897.4 05
898.0 898.0 03
898.2 898.3 05
898.3 902.2 03
903.0 907.0 05
907.0 908.4 03
909.1 912.0 05
912.2 912.2 05
912.3 925.0 05
919.3 919.5 00
925.3 930.6 05
929.0 929.5 00
929.6 930.0 00
930.8 933.2 05
933.9 937.2 05
934.5 934.5 06
937.7 939.3 03
941.1 942.8 03
943.8 948.7 03
949.0 951.9 03
952.5 956.3 03
959.0 960.6 05
961.4 965.1 05
965.4 970.0 06
971.2 976.5 03
976.6 976.7 00
976.7 976.8 06
976.8 976.9 03
976.9 976.9 06
976.9 978.0 03
978.0 983.0 06
982.0 982.3 05
983.0 984.8 05
983.2 984.2 06
985.4 988.0 05
988.6 991.7 05
992.1 994.0 03
994.5 995.7 03
996.1 997.6 05
998.4 998.6 03
998.6 999.2 06
999.8 1000.7 03
1001.2 1004.0 06
1004.4 1007.3 06
1017.6 1017.7 05
1017.7 1019.1 00
1019.3 1020.0 00
1026.0 1026.8 00
1027.4 1028.0 00
1028.0 1029.5 06
1029.5 1029.5 00
1030.8 1034.1 06
1035.3 1036.2 06
1055.1 1056.0 05
1058.4 1064.3 05
1067.0 1068.6 03
1069.2 1069.4 05
1069.4 1072.8 03
1073.1 1074.0 05
1074.4 1076.9 05
1077.3 1078.1 03
1078.3 1080.6 03
1080.9 1082.6 05
1082.8 1083.4 03
1083.7 1085.1 05
1085.3 1086.3 03
1087.2 1088.5 05
1088.9 1090.0 03
1090.4 1090.4 03
1090.4 1095.3 05
1090.4 1090.6 03
1094.8 1097.7 03
1096.5 1096.6 05
1097.5 1097.5 05
1097.7 1102.0 05
1102.1 1103.7 03
1107.9 1108.0 00
1108.0 1108.0 03
1108.0 1108.4 00
1114.2 1114.8 00
1122.4 1125.1 05
1125.5 1132.2 05
1127.4 1127.9 00
1131.4 1132.0 00
1132.5 1133.5 05
1133.9 1134.6 05
1135.9 1138.7 05
1139.1 1141.1 00
1141.1 1145.7 05
1141.2 1141.6 00
1145.8 1149.3 05
1147.8 1147.8 00
1150.4 1152.1 05
1152.4 1155.5 05
1155.9 1158.3 05
1158.8 1161.9 05
1162.5 1166.6 05
1167.1 1173.2 05
1173.5 1180.9 05
1178.8 1179.9 07
1180.3 1180.7 07
1181.4 1186.6 05
1186.7 1198.2 05
1198.3 1204.7 05
1205.3 1210.2 05
1213.2 1216.5 05
1216.7 1223.4 05
1223.4 1225.8 05
1225.8 1226.1 00
1229.1 1231.5 00
1233.1 1236.8 00
1237.0 1237.0 05
1237.0 1238.2 00
1238.2 1238.2 05
1238.9 1239.0 03
1239.0 1240.0 00
1240.0 1240.1 03
1240.1 1240.1 00
1240.5 1241.6 05
1242.7 1244.0 05
1245.4 1246.3 03
1246.3 1248.7 05
1249.0 1250.2 05
1250.4 1250.8 05
1250.8 1250.8 03
1250.8 1250.8 05
1252.8 1254.0 03
1254.4 1256.1 03
1256.1 1256.2 00
1256.2 1256.9 06
1256.9 1257.5 00
1257.5 1258.6 03
1258.9 1260.4 03
1260.4 1260.5 06
1260.5 1260.5 06
1260.5 1265.1 06
1264.5 1265.8 03
1265.8 1266.7 06
1266.4 1268.7 03
1268.4 1268.5 00
1268.7 1268.7 00
1268.7 1268.7 03
1269.9 1271.4 00
1279.7 1280.0 04
1280.0 1298.8 07
1285.1 1287.1 04
1287.4 1290.3 04
1290.8 1293.0 04
1295.7 1317.0 04
1300.5 1301.4 07
1302.3 1303.1 07
1303.2 1305.0 07
1305.6 1306.7 07
1307.8 1307.8 07
1307.9 1307.9 07
1310.3 1311.4 00
1317.0 1317.6 00
1317.6 1329.6 04
1323.6 1326.7 00
1326.7 1326.7 00
1327.5 1328.2 00
1329.0 1330.6 00
1330.6 1351.1 04
1331.1 1333.5 00
1333.6 1333.6 00
1333.9 1333.9 00
1334.0 1334.0 00
1334.0 1334.1 00
1334.5 1336.0 00
1339.9 1341.0 00
1341.0 1341.3 07
1341.5 1342.0 07
1342.0 1342.0 07
1342.1 1354.4 07
1351.9 1352.0 04
1352.0 1355.5 00
1354.7 1357.2 07
1355.7 1355.7 05
1355.7 1356.0 00
1356.0 1357.1 05
1357.2 1359.0 05
1362.8 1363.7 05
1365.3 1365.7 00
1365.7 1365.9 05
1365.9 1366.0 00
2.0 2.4 00
2.8 4.8 01
4.8 5.3 00
15.0 15.0 00
17.0 17.5 00
55.9 57.3 01
59.7 61.5 01
63.6 64.0 00
74.3 85.2 03
84.2 86.8 00
86.5 86.5 03
86.5 135.6 02
87.4 88.0 00
95.4 96.4 00
96.4 96.6 00
100.1 101.0 00
104.6 104.7 03
104.7 104.7 00
104.7 105.4 03
105.4 105.6 00
111.7 111.7 00
111.7 112.5 04
112.5 113.0 00
135.6 138.3 00
136.6 148.0 02
148.0 151.3 00
157.7 158.3 00
159.3 161.1 00
168.6 169.2 00
171.1 171.2 00
171.3 171.4 00
177.3 177.6 00
180.6 181.6 01
186.0 186.6 00
186.8 186.8 00
187.0 187.1 00
187.1 188.2 01
187.1 187.1 00
188.2 188.2 00
188.2 188.3 01
188.4 188.7 01
188.7 188.9 00
188.9 188.9 01
188.9 188.9 00
188.9 207.6 01
194.1 194.4 00
199.0 199.1 00
199.1 199.4 00
201.2 201.4 00
201.7 202.2 00
203.3 204.5 00
207.7 214.9 01
208.6 209.1 00
210.4 211.5 00
230.9 236.1 03
236.0 236.0 00
236.1 236.4 00
237.0 238.4 03
238.4 238.4 00
239.5 242.0 00
239.7 239.9 03
239.9 248.5 03
242.0 242.7 00
246.3 246.7 00
249.2 250.7 03
253.7 253.9 00
253.9 255.9 03
253.9 253.9 00
255.1 255.2 00
272.5 274.2 03
274.2 274.6 00
274.6 274.7 03
274.7 274.7 00
274.7 274.8 03
274.8 275.0 00
275.0 276.9 03
276.9 276.9 00
283.3 284.7 01
284.9 286.1 01
286.2 303.1 01
303.1 303.5 00
303.3 310.1 01
310.4 327.2 01
317.4 318.2 00
319.4 322.0 00
325.6 325.8 00
327.5 327.7 01
328.3 341.6 01
338.4 338.6 00
341.6 346.6 01
346.7 370.2 01
352.9 353.9 00
356.5 356.5 00
364.8 364.8 00
372.9 378.5 01
385.8 386.6 00
386.6 387.0 01
388.2 392.9 01
389.3 390.0 00
392.9 393.9 00
393.9 402.4 01
401.7 404.5 03
404.6 411.7 01
411.7 412.1 03
412.5 415.4 03
415.5 415.5 00
415.5 415.5 03
415.5 415.7 01
415.7 415.8 00
415.8 417.4 03
417.9 421.8 03
422.0 425.8 01
425.3 431.4 03
431.4 433.0 01
432.4 432.8 03
433.4 435.5 03
435.5 437.2 01
436.9 437.0 03
437.2 438.0 03
438.0 439.0 01
439.0 439.0 00
439.1 439.2 00
439.2 439.3 03
439.3 439.5 00
439.5 439.5 03
439.5 439.5 00
439.5 439.5 03
439.5 440.6 00
440.6 440.6 03
440.6 440.6 00
440.6 442.7 03
442.7 442.9 00
444.7 445.3 03
446.3 447.6 01
448.2 449.3 03
449.7 452.6 01
452.7 458.9 03
459.3 460.9 01
462.3 465.7 01
465.7 465.7 00
465.8 465.9 00
466.0 466.0 00
466.8 473.4 01
473.6 479.9 01
480.4 483.6 03
483.6 490.7 01
491.5 494.5 03
495.2 501.4 01
502.2 502.3 03
502.3 505.4 01
505.4 511.3 03
511.8 512.3 01
512.4 516.0 01
516.5 517.9 03
518.9 524.2 03
524.9 529.5 01
530.0 530.0 00
530.0 533.9 01
534.3 551.4 01
535.7 536.0 00
537.3 537.4 00
537.4 538.1 03
538.1 538.2 00
539.8 539.9 03
542.3 542.6 00
543.4 547.0 00
547.0 552.4 02
552.4 553.0 01
553.1 556.0 01
556.0 568.8 03
568.9 584.2 03
570.0 574.0 00
574.0 574.5 02
574.5 575.0 00
575.0 576.0 02
576.0 576.4 01
576.4 576.7 00
576.7 577.5 01
577.5 578.2 02
584.5 585.3 01
585.9 587.8 01
587.8 588.0 03
588.0 588.1 01
588.1 588.2 03
588.2 588.5 01
588.5 590.0 03
590.0 590.0 01
590.0 590.2 03
590.4 590.4 03
590.4 590.8 01
590.8 593.1 03
593.4 595.6 01
595.9 604.3 01
604.3 610.0 03
609.5 610.1 01
610.1 610.5 03
610.5 623.2 01
612.0 612.2 03
614.4 614.7 03
617.6 617.7 00
618.2 618.4 03
618.4 618.5 00
620.0 620.0 03
620.6 621.3 03
622.0 628.3 03
629.2 633.1 01
633.5 640.0 03
640.4 645.3 03
645.4 655.9 01
654.9 655.7 03
655.9 660.5 03
661.2 668.3 03
668.0 669.4 00
668.4 671.5 03
670.1 671.1 00
671.5 671.5 00
671.5 671.5 03
671.9 672.0 00
672.0 672.1 03
672.1 672.1 01
672.1 672.2 03
672.2 672.4 01
672.4 673.2 00
672.4 673.0 03
673.0 673.0 01
673.9 676.9 01
679.5 681.1 03
682.6 683.8 01
684.0 685.4 01
688.6 691.3 03
692.0 692.0 03
692.0 692.7 01
694.9 703.3 01
697.4 697.6 03
697.6 697.8 00
698.7 699.0 03
699.0 700.1 00
704.9 708.3 01
708.0 708.2 03
708.3 709.0 03
709.0 721.0 01
710.2 710.6 03
713.9 713.9 00
713.9 714.0 03
714.0 714.7 00
716.0 716.8 00
717.7 719.3 00
721.0 721.0 00
721.0 721.2 01
721.2 721.2 00
726.1 733.6 01
733.6 734.0 00
734.0 748.0 01
748.2 753.3 01
753.8 755.3 01
755.4 758.8 01
756.8 757.2 00
757.8 758.2 00
759.3 774.6 01
763.1 763.4 00
764.6 764.7 00
767.3 767.6 00
774.7 789.0 01
779.0 779.4 00
780.0 780.0 00
782.3 782.4 00
788.6 789.5 00
789.1 790.0 01
790.0 790.7 00
790.7 795.9 01
790.7 790.8 00
790.8 791.0 00
791.2 791.2 00
796.3 798.5 00
807.6 809.2 01
812.8 812.8 00
812.8 814.8 01
812.9 813.2 00
817.4 819.3 01
819.5 819.9 00
825.8 826.8 00
829.6 829.9 00
831.4 832.5 00
836.9 837.5 00
837.7 838.2 01
838.8 840.9 00
839.8 842.0 01
843.1 844.4 00
847.2 849.9 03
850.3 853.1 03
853.5 853.9 03
853.9 853.9 01
853.9 853.9 03
853.9 854.0 01
854.0 854.0 03
854.0 857.9 01
861.6 862.6 01
862.8 864.1 01
864.5 869.8 01
870.3 874.3 01
874.3 879.4 01
877.6 881.2 03
880.1 882.9 01
882.0 882.6 03
884.6 886.1 03
886.1 886.1 00
886.1 897.1 03
886.2 886.7 00
897.1 897.9 01
897.3 897.4 03
898.0 898.0 01
898.2 898.3 03
898.3 902.2 01
903.0 907.0 03
907.0 908.4 01
909.1 912.0 03
912.2 912.2 03
912.3 925.0 03
919.3 919.5 00
925.3 930.3 03
929.0 929.0 00
929.0 929.5 01
929.6 930.0 01
930.3 930.3 01
930.3 930.6 03
930.8 933.2 03
933.9 937.2 03
934.5 934.5 01
937.7 939.3 01
941.1 942.8 01
943.8 948.7 01
949.0 951.9 01
952.5 956.3 01
959.0 960.6 03
961.4 965.1 03
965.4 970.0 01
971.2 976.5 01
976.6 983.0 01
982.0 982.3 03
983.0 984.8 03
983.2 984.2 01
985.4 988.0 03
988.6 991.7 03
992.1 994.0 01
994.5 995.7 01
996.1 997.1 03
997.1 997.3 01
997.3 997.5 03
997.5 997.6 01
997.6 997.6 03
998.4 999.2 01
999.8 1000.7 01
1001.2 1004.0 01
1004.4 1007.3 01
1017.6 1017.7 03
1017.7 1019.1 00
1019.3 1020.0 00
1026.0 1026.8 00
1027.4 1028.0 00
1028.0 1029.5 01
1029.5 1029.5 00
1030.8 1034.1 01
1035.3 1036.2 01
1055.1 1056.0 03
1058.4 1064.3 03
1067.0 1068.6 01
1069.2 1069.4 03
1069.4 1072.8 01
1073.1 1074.0 03
1074.4 1076.9 03
1077.3 1078.1 01
1078.3 1080.6 01
1080.9 1082.6 03
1082.8 1083.4 01
1083.7 1085.1 03
1085.3 1086.3 01
1087.2 1088.5 03
1088.9 1090.0 01
1090.4 1090.4 01
1090.4 1095.3 03
1090.4 1090.6 01
1094.8 1097.7 01
1096.5 1096.6 03
1097.5 1097.5 03
1097.7 1102.0 03
1102.1 1103.7 01
1107.9 1108.0 00
1108.0 1108.0 01
1108.0 1108.4 00
1114.2 1114.8 00
1122.4 1125.1 03
1125.5 1132.2 03
1127.4 1127.9 00
1131.4 1132.0 00
1132.5 1133.5 03
1133.9 1134.6 03
1135.9 1138.7 03
1139.1 1141.1 00
1141.1 1145.7 03
1141.2 1141.6 00
1145.8 1149.3 03
1147.8 1147.8 00
1150.4 1152.1 03
1152.4 1155.5 03
1155.9 1158.3 03
1158.8 1161.9 03
1162.5 1166.6 03
1167.1 1173.2 03
1173.5 1180.9 03
1178.8 1179.9 04
1180.3 1180.7 04
1181.4 1186.6 03
1186.7 1198.2 03
1198.3 1204.7 03
1205.3 1210.2 03
1213.2 1216.5 03
1216.7 1223.4 03
1223.4 1225.8 03
1225.8 1226.1 00
1229.1 1231.5 00
1233.1 1236.8 00
1237.0 1237.0 03
1237.0 1238.2 00
1238.2 1238.2 03
1238.9 1239.0 01
1239.0 1240.0 00
1240.0 1240.1 01
1240.1 1240.1 00
1240.5 1241.6 03
1242.7 1244.0 03
1245.4 1246.3 01
1246.3 1248.7 03
1249.0 1250.2 03
1250.4 1250.8 03
1252.8 1254.0 01
1254.4 1256.1 01
1256.1 1257.5 00
1257.5 1258.6 01
1258.9 1260.4 01
1260.4 1260.5 00
1260.5 1260.5 00
1260.5 1262.0 00
1262.0 1268.7 01
1264.5 1265.1 00
1266.4 1266.7 00
1268.4 1268.5 00
1268.7 1268.7 00
1268.7 1268.7 01
1269.9 1271.4 00
1279.7 1280.0 02
1280.0 1298.8 04
1285.1 1287.1 02
1287.4 1290.3 02
1290.8 1293.0 02
1295.7 1317.0 02
1300.5 1301.4 04
1302.3 1303.1 04
1303.2 1305.0 04
1305.6 1306.7 04
1307.8 1307.8 04
1307.9 1307.9 04
1310.3 1311.4 00
1317.0 1317.6 00
1317.6 1329.6 02
1323.6 1326.7 00
1326.7 1326.7 00
1327.5 1328.2 00
1329.0 1330.6 00
1330.6 1351.1 02
1331.1 1333.5 00
1333.6 1333.6 00
1333.9 1333.9 00
1334.0 1334.0 00
1334.0 1334.1 00
1334.5 1336.0 00
1339.9 1341.0 00
1341.0 1341.3 04
1341.5 1342.0 04
1342.0 1342.0 04
1342.1 1354.4 04
1351.9 1352.0 02
1352.0 1355.5 00
1354.7 1357.2 04
1355.7 1355.7 03
1355.7 1356.0 00
1356.0 1357.1 03
1357.2 1359.0 03
1362.8 1363.7 03
1365.3 1365.7 00
1365.7 1365.9 03
1365.9 1366.0 00
